0.000424  0.999149  0.000427
0.000426  0.061428  0.938146
0.296874  0.702700  0.000425
0.000430  0.000424  0.999146
0.270096  0.000426  0.729479
0.555671  0.000421  0.443908
0.999152  0.000426  0.000422
0.312644  0.686934  0.000422
0.157616  0.841961  0.000423
0.225580  0.774000  0.000420
0.000422  0.054394  0.945184
0.999152  0.000423  0.000424
0.671902  0.327674  0.000424
0.213369  0.786202  0.000429
0.999152  0.000424  0.000424
0.269972  0.000423  0.729605
0.000428  0.000426  0.999145
0.999156  0.000421  0.000423
0.999155  0.000421  0.000423
0.253846  0.745728  0.000426
0.000426  0.999148  0.000426
0.236271  0.763301  0.000428
0.999157  0.000419  0.000424
0.000420  0.000420  0.999159
0.062614  0.000425  0.936961
0.000423  0.160052  0.839525
0.000418  0.000420  0.999162
0.467348  0.000422  0.532230
0.999153  0.000423  0.000424
0.000423  0.999138  0.000439
0.123530  0.876048  0.000422
0.000421  0.000425  0.999154
0.825116  0.000424  0.174460
0.875173  0.000427  0.124400
0.999155  0.000421  0.000424
0.326505  0.673068  0.000428
0.288904  0.710669  0.000426
0.000426  0.151792  0.847782
0.999148  0.000426  0.000426
0.999148  0.000426  0.000426
0.000423  0.000423  0.999153
0.999146  0.000430  0.000424
0.370598  0.000426  0.628976
0.396283  0.603295  0.000422
0.141950  0.309559  0.548491
0.999155  0.000422  0.000423
0.000425  0.310942  0.688633
0.000425  0.335518  0.664057
0.999150  0.000424  0.000426
0.999152  0.000424  0.000425
0.999151  0.000423  0.000426
0.159199  0.840378  0.000424
0.211977  0.787604  0.000420
0.348762  0.000426  0.650812
0.243084  0.000424  0.756493
0.000426  0.101189  0.898386
0.657225  0.342348  0.000426
0.999158  0.000422  0.000419
0.000419  0.000419  0.999161
0.182255  0.817314  0.000430
0.877912  0.000426  0.121662
0.999153  0.000425  0.000423
0.000422  0.000424  0.999154
0.000424  0.999155  0.000421
0.000425  0.000426  0.999149
0.000426  0.999148  0.000426
0.000426  0.000426  0.999148
0.999161  0.000419  0.000420
0.999156  0.000422  0.000422
0.000426  0.000425  0.999149
0.000421  0.000425  0.999154
0.000424  0.103848  0.895729
0.999158  0.000421  0.000421
0.851707  0.147869  0.000424
0.129743  0.000425  0.869832
0.565623  0.433949  0.000429
0.999148  0.000426  0.000426
0.167001  0.832572  0.000427
0.158988  0.840591  0.000420
0.814923  0.060340  0.124737
0.999150  0.000427  0.000423
0.999155  0.000422  0.000423
0.000421  0.000424  0.999155
0.273888  0.133325  0.592787
0.000425  0.000423  0.999152
0.000420  0.000420  0.999160
0.895744  0.000423  0.103833
0.000425  0.999152  0.000424
0.000423  0.122710  0.876867
0.000433  0.000423  0.999144
0.999154  0.000421  0.000424
0.104576  0.450572  0.444852
0.000422  0.000423  0.999155
0.000422  0.000421  0.999157
0.000423  0.999155  0.000422
0.779450  0.000425  0.220125
0.761464  0.000421  0.238115
0.000421  0.000420  0.999159
0.579449  0.000424  0.420127
0.161299  0.382913  0.455789
0.191122  0.808456  0.000421
0.999151  0.000424  0.000425
0.999144  0.000432  0.000424
0.706642  0.000426  0.292933
0.999150  0.000426  0.000424
0.999157  0.000422  0.000421
0.999152  0.000424  0.000424
0.215555  0.784022  0.000423
0.877335  0.122241  0.000425
0.000423  0.306022  0.693555
0.000420  0.000427  0.999153
0.000425  0.999152  0.000423
0.000420  0.000420  0.999161
0.329721  0.669855  0.000424
0.999149  0.000424  0.000427
0.000421  0.142429  0.857150
0.000424  0.000423  0.999154
0.999155  0.000423  0.000422
0.173204  0.826372  0.000424
0.329091  0.670486  0.000423
0.000421  0.081811  0.917768
0.000423  0.999155  0.000422
0.999149  0.000424  0.000426
0.440013  0.000420  0.559567
0.000421  0.000421  0.999157
0.999149  0.000425  0.000427
0.000427  0.000426  0.999147
0.000426  0.260421  0.739154
0.999156  0.000425  0.000419
0.999153  0.000421  0.000426
0.170521  0.829047  0.000431
0.000425  0.000421  0.999154
0.000424  0.570085  0.429491
0.999156  0.000421  0.000423
0.999150  0.000424  0.000425
0.230243  0.000425  0.769331
0.000424  0.000424  0.999152
0.413170  0.586405  0.000425
0.999156  0.000421  0.000423
0.238568  0.761008  0.000425
0.000420  0.000422  0.999159
0.000425  0.999148  0.000427
0.000425  0.000426  0.999149
0.000425  0.451613  0.547961
0.000426  0.999150  0.000424
0.396450  0.500020  0.103531
0.723904  0.000425  0.275672
0.999154  0.000423  0.000422
0.000428  0.000425  0.999148
0.000424  0.999156  0.000421
0.000423  0.000423  0.999154
0.863198  0.000421  0.136380
0.329430  0.518201  0.152368
0.221091  0.778483  0.000427
0.999148  0.000426  0.000427
0.177751  0.821825  0.000424
0.893197  0.000420  0.106383
0.227128  0.568478  0.204395
0.000423  0.000420  0.999157
0.179785  0.819797  0.000419
0.462237  0.000425  0.537338
0.000430  0.000425  0.999145
0.000425  0.605533  0.394042
0.342152  0.657422  0.000427
0.000423  0.000425  0.999153
0.000425  0.000423  0.999152
0.999155  0.000422  0.000423
0.000421  0.000422  0.999157
0.999161  0.000420  0.000419
0.927271  0.000422  0.072307
0.000424  0.099062  0.900513
0.000420  0.000420  0.999160
0.335397  0.000424  0.664179
0.000424  0.000425  0.999151
0.000421  0.000421  0.999157
0.000421  0.000425  0.999154
0.299549  0.700023  0.000428
0.000424  0.000424  0.999152
0.999155  0.000422  0.000423
0.000422  0.000421  0.999157
0.195960  0.532302  0.271738
0.000425  0.999150  0.000425
0.000425  0.999149  0.000426
0.000420  0.000419  0.999161
0.000424  0.000421  0.999156
0.000420  0.000417  0.999163
0.567099  0.230598  0.202303
0.999151  0.000424  0.000425
0.380360  0.000423  0.619217
0.000426  0.000421  0.999154
0.253458  0.746120  0.000422
0.221105  0.778465  0.000430
0.000424  0.999146  0.000430
0.462592  0.000423  0.536984
0.497686  0.501892  0.000422
0.000423  0.000424  0.999153
0.956118  0.000423  0.043460
0.000424  0.000425  0.999151
0.324700  0.674876  0.000424
