0.231118  0.768460  0.000423
0.939303  0.000426  0.060271
0.116895  0.655574  0.227531
0.868437  0.000422  0.131141
0.717135  0.095391  0.187474
0.432095  0.000421  0.567484
0.000421  0.125564  0.874015
0.000426  0.999145  0.000429
0.050701  0.948872  0.000427
0.000422  0.872898  0.126680
0.999151  0.000427  0.000423
0.000425  0.000425  0.999151
0.000426  0.386719  0.612855
0.316559  0.683015  0.000426
0.000424  0.000425  0.999151
0.723452  0.000423  0.276125
0.929523  0.000425  0.070052
0.000423  0.000420  0.999157
0.000423  0.000423  0.999154
0.140046  0.693052  0.166901
0.164382  0.835194  0.000424
0.211153  0.636413  0.152434
0.000423  0.000419  0.999158
0.999160  0.000419  0.000421
0.927150  0.000424  0.072425
0.870337  0.129240  0.000423
0.999162  0.000419  0.000419
0.530871  0.000421  0.468707
0.000424  0.000424  0.999152
0.600163  0.399417  0.000419
0.000425  0.999149  0.000426
0.999155  0.000424  0.000421
0.177618  0.000425  0.821957
0.072939  0.164973  0.762089
0.000424  0.000421  0.999154
0.208786  0.545933  0.245281
0.164885  0.635821  0.199294
0.868951  0.130623  0.000426
0.000425  0.000426  0.999149
0.000426  0.000425  0.999148
0.999154  0.000423  0.000423
0.000422  0.258149  0.741430
0.620950  0.066712  0.312339
0.000424  0.668951  0.330624
0.587463  0.315110  0.097428
0.000424  0.000423  0.999153
0.740823  0.258753  0.000425
0.709062  0.290513  0.000425
0.000426  0.000425  0.999149
0.000425  0.000425  0.999150
0.000426  0.000423  0.999151
0.107196  0.892378  0.000426
0.000423  0.879661  0.119916
0.628054  0.089516  0.282430
0.744016  0.000423  0.255560
0.928861  0.000426  0.070713
0.084067  0.350045  0.565888
0.000419  0.000423  0.999159
0.999162  0.000418  0.000420
0.365718  0.633857  0.000425
0.000428  0.143777  0.855796
0.000423  0.000426  0.999152
0.999155  0.000423  0.000422
0.000426  0.999151  0.000424
0.999149  0.000426  0.000425
0.176028  0.823547  0.000425
0.999147  0.000426  0.000426
0.000420  0.000420  0.999160
0.000422  0.000423  0.999156
0.999149  0.000425  0.000426
0.999154  0.000424  0.000422
0.932998  0.066577  0.000424
0.000422  0.000422  0.999157
0.000425  0.149224  0.850351
0.880789  0.000426  0.118786
0.222581  0.301348  0.476071
0.000426  0.088267  0.911308
0.276163  0.723411  0.000426
0.000424  0.999151  0.000425
0.133650  0.094156  0.772193
0.000423  0.206442  0.793135
0.000423  0.000422  0.999155
0.999156  0.000423  0.000421
0.617161  0.110445  0.272394
0.999152  0.000423  0.000426
0.999161  0.000419  0.000420
0.103430  0.000422  0.896147
0.121472  0.878104  0.000423
0.891715  0.107862  0.000423
0.905594  0.000420  0.093986
0.000424  0.000422  0.999154
0.534670  0.464904  0.000426
0.999156  0.000422  0.000422
0.999158  0.000420  0.000422
0.057889  0.941690  0.000421
0.222492  0.000425  0.777083
0.238739  0.000421  0.760841
0.999157  0.000420  0.000423
0.431432  0.000424  0.568144
0.513896  0.376912  0.109193
0.000425  0.999149  0.000426
0.000426  0.000424  0.999150
0.000422  0.296101  0.703478
0.289244  0.000426  0.710331
0.000424  0.104775  0.894802
0.000421  0.000423  0.999156
0.000424  0.000425  0.999151
0.065073  0.934500  0.000427
0.000425  0.189264  0.810311
0.748227  0.251350  0.000423
0.999154  0.000426  0.000420
0.053172  0.946404  0.000424
0.999161  0.000419  0.000420
0.061881  0.688561  0.249558
0.000428  0.000424  0.999148
0.908740  0.090839  0.000421
0.999155  0.000422  0.000424
0.000421  0.000424  0.999154
0.115886  0.883688  0.000426
0.000425  0.756116  0.243459
0.938831  0.060748  0.000421
0.000426  0.999152  0.000422
0.000426  0.000425  0.999149
0.551218  0.000419  0.448363
0.999157  0.000421  0.000422
0.000427  0.000425  0.999148
0.932534  0.000425  0.067041
0.756159  0.243415  0.000426
0.000419  0.105332  0.894250
0.000426  0.000421  0.999153
0.394230  0.605345  0.000425
0.999154  0.000421  0.000426
0.512940  0.486637  0.000423
0.000424  0.000421  0.999155
0.000426  0.000425  0.999150
0.766374  0.000425  0.233201
0.999152  0.000424  0.000424
0.111488  0.599904  0.288607
0.000423  0.000422  0.999155
0.103348  0.739157  0.157495
0.999160  0.000421  0.000420
0.179723  0.819854  0.000422
0.999147  0.000427  0.000426
0.621637  0.377937  0.000425
0.131796  0.867779  0.000425
0.190011  0.503238  0.306750
0.271765  0.000425  0.727809
0.000423  0.000425  0.999152
0.922966  0.000423  0.076611
0.000424  0.999154  0.000422
0.999155  0.000422  0.000422
0.145190  0.000422  0.854388
0.246992  0.504339  0.248669
0.183886  0.815688  0.000426
0.000427  0.000426  0.999147
0.135076  0.751899  0.113025
0.099701  0.000420  0.899879
0.311048  0.555306  0.133645
0.999158  0.000420  0.000422
0.000421  0.999153  0.000426
0.543330  0.000426  0.456245
0.887761  0.000422  0.111818
0.471780  0.527796  0.000424
0.175718  0.591561  0.232722
0.964971  0.034605  0.000424
0.999153  0.000425  0.000423
0.999152  0.000423  0.000425
0.000423  0.000422  0.999154
0.999159  0.000420  0.000421
0.000419  0.000421  0.999160
0.000428  0.000423  0.999149
0.916279  0.083296  0.000425
0.999161  0.000419  0.000420
0.664610  0.000424  0.334966
0.999151  0.000425  0.000425
0.999158  0.000421  0.000421
0.999154  0.000425  0.000421
0.226498  0.592895  0.180607
0.999152  0.000424  0.000424
0.000423  0.000422  0.999154
0.999156  0.000422  0.000422
0.378000  0.621573  0.000426
0.142347  0.857229  0.000423
0.204991  0.794586  0.000423
0.999162  0.000418  0.000420
0.999156  0.000420  0.000424
0.999163  0.000416  0.000421
0.243752  0.224306  0.531942
0.000425  0.000424  0.999151
0.616668  0.000424  0.382909
0.999153  0.000421  0.000426
0.000425  0.852525  0.147050
0.362024  0.637550  0.000426
0.316289  0.683289  0.000422
0.538459  0.000424  0.461117
0.000425  0.567393  0.432183
0.999155  0.000423  0.000423
0.000428  0.000423  0.999149
0.999152  0.000425  0.000423
0.076590  0.659662  0.263749
